Matriz 1
1 4 9 4 
0 9 4 8 
5 8 5 3 
8 2 1 9 

Matriz 2
9 3 3 1 
3 3 6 6 
9 7 2 5 
3 2 0 2 

Resultado 2
114 86 45 78 
87 71 62 90 
123 80 73 84 
114 55 38 43 

